drone:
  mission_file: case_studies/mission3.plan
  params:
    MIS_TAKEOFF_ALT: 1.0
    MIS_YAW_ERR: 12.0
    MPC_YAW_MODE: 0
    NAV_ACC_RAD: 0.5
    NAV_DLL_ACT: 0
    NAV_MC_ALT_RAD: 0.5
    NAV_RCL_ACT: 3
    SDLOG_PROFILE: 7
  port: 14541
simulation:
  headless: true
  obstacles:
  - position:
      r: 118.21859402711604
      x: -24.313753010058456
      y: 22.381070125950433
      z: 0
    size:
      h: 19.898691607734452
      l: 9.448683997193845
      w: 5.723709811128616
  - position:
      r: 21.128538792288307
      x: -15.744919866176101
      y: 26.51993779168234
      z: 0
    size:
      h: 24.665933464568795
      l: 7.684908751139365
      w: 7.770347956587516
  simulator: ros
test:
  commands:
  - mode: 3
    r: 0
    timestamp: 1
    x: 0
    y: 0
    z: 0.5
