drone:
  mission_file: case_studies/mission1.plan
  params:
    MIS_TAKEOFF_ALT: 1.0
    MIS_YAW_ERR: 12.0
    MPC_YAW_MODE: 0
    NAV_ACC_RAD: 0.5
    NAV_DLL_ACT: 0
    NAV_MC_ALT_RAD: 0.5
    NAV_RCL_ACT: 3
    SDLOG_PROFILE: 7
  port: 14541
simulation:
  headless: true
  obstacles:
  - position:
      r: 165.37840853904265
      x: 6.274148510880271
      y: 26.89520873912582
      z: 0
    size:
      h: 16.172018997428612
      l: 12.270177085347331
      w: 7.112177407249794
  - position:
      r: 305.67599371955976
      x: -5.446856046067559
      y: 16.744593408748774
      z: 0
    size:
      h: 23.828872408819823
      l: 8.714852351931558
      w: 8.38613009967732
  simulator: ros
test:
  commands:
  - mode: 3
    r: 0
    timestamp: 1
    x: 0
    y: 0
    z: 0.5
