drone:
  mission_file: case_studies/mission1.plan
  params:
    MIS_TAKEOFF_ALT: 1.0
    MIS_YAW_ERR: 12.0
    MPC_YAW_MODE: 0
    NAV_ACC_RAD: 0.5
    NAV_DLL_ACT: 0
    NAV_MC_ALT_RAD: 0.5
    NAV_RCL_ACT: 3
    SDLOG_PROFILE: 7
  port: 14541
simulation:
  headless: true
  obstacles:
  - position:
      r: 337.5138431706785
      x: -11.43057272123319
      y: 31.520559352381863
      z: 0
    size:
      h: 20.756936520863896
      l: 9.773718886923987
      w: 12.325940698312472
  - position:
      r: 42.089856791519125
      x: 0.274229877039764
      y: 16.408018469609072
      z: 0
    size:
      h: 21.172495769034924
      l: 4.345923902738602
      w: 8.330725485564841
  - position:
      r: 267.6859622192247
      x: -16.20565976933722
      y: 15.714944628153045
      z: 0
    size:
      h: 21.926029641833825
      l: 9.409661702487043
      w: 10.524551710506223
  simulator: ros
test:
  commands:
  - mode: 3
    r: 0
    timestamp: 1
    x: 0
    y: 0
    z: 0.5
